100
48 9
20 11
48 10
22 22
10 37
2 8
47 13
10 1
42 24
8 3
25 18
44 23
40 50
48 27
3 18
47 42
4 24
17 12
36 40
29 20
40 8
25 26
10 21
27 5
22 32
11 31
46 39
6 19
2 39
34 2
42 40
6 19
22 30
39 45
5 49
15 20
13 24
28 8
4 2
18 24
13 48
41 50
35 13
46 34
41 36
4 3
44 36
32 24
39 7
46 41
42 23
4 8
5 29
40 13
18 42
39 7
39 47
11 44
35 20
28 6
41 2
27 8
15 24
19 44
11 23
29 22
14 23
29 32
17 34
22 11
43 19
37 38
46 47
4 44
42 23
19 29
17 14
7 14
34 6
20 45
7 13
10 13
40 39
7 6
18 37
41 39
37 1
6 17
39 10
37 22
38 3
46 25
44 42
22 22
48 42
12 29
2 32
42 2
12 24
6 44
